1
2
0
49 4 2 1 0
13 5
2
14 10 7 5
14 11 8
22 18 9
12 10
15 12 11 5
14 12 9 6
13
14 2
12
61 14 13 12 6 5
23 17 9 7
50 23 21 20 18
23 22 19 16
22 20 17 8

50 24 23 22 20 19
23
24
22
67 26 4 3 1
49 27 1 0
47 28 25 1
48 45 29
30
38 34 31
29
47 45 33 31
38 34

78 43 40 36 34
37
38
36
38 37 36 35 34
41 39 37 34
42 37 36 35
40 37
41 36
33 32 31 30 29
73 46 44 33 29
32 31 29 28
46 31
47 26 0
48 25 4 0
55 54 53 52
52 50
54
57 56 51
57 53
54 53 52 51 19
60 57 54
59
63 62 56
63 58
61 59 58 57 6
59 58 57 56 10
66 63 59
65
68 62
69 64
67 65 64 63 49 3
65 64 63 62
72 69 65
71 64
74 68
75 70
73 71 70 69 32
71 70 69 68 44
78 75 71
77 70
74
76
79 77 76 75 39
77 76 75 74 40
